19640911
19640912
19640913
19640914
19640915
19640918
19640919
19640920
19640926
19641010
19641016
19650306
19650309
19650310
19650311
19650317
19650318
19650319
19650320
19650321
19650328
19650329
19650330
19650331
19650401
19650402
19650403
19650404
19650405
19650406
19650410
19650413
19650414
19650415
19650416
19650422
19650423
19650424
19650425
19650426
19650427
19650428
19650429
19650430
19650901
19650902
19650908
19650909
19650910
19650914
19650921
19650922
19650930
19651004
19651005
19651010
19651011
19651012
19651015
19651016
19651017
19651019
19651020
19651021
19660301
19660306
19660307
19660308
19660316
19660317
19660330
19660331
19660405
19660410
19660411
19660412
19660416
19660418
19660419
19660424
19660425
19660426
19660427
19660428
19660429
19660912
19660913
19661002
19661003
19661011
19661018
19661019
19661020
19661021
19661022
19661023
19661028
19670301
19670311
19670312
19670313
19670314
19670315
19670316
19670323
19670324
19670325
19670408
19670409
19670411
19670412
19670413
19670414
19670415
19670426
19670427
19670428
19670429
19670430
19670904
19670905
19670906
19670910
19670911
19670923
19670926
19671005
19671006
19671016
19671019
19671020
19671021
19671025
19671026
19680308
19680322
19680408
19680409
19680419
19680420
19680421
19680911
19680917
19680925
19680926
19680927
19681004
19681021
19681022
19681023
19690328
19690901
19690902
19690903
19690904
19690912
19690913
19690922
19690926
19691008
19691014
19691026
19691029
19691030
19691031
19700311
19700315
19700316
19700317
19700319
19700320
19700321
19700322
19700323
19700324
19700325
19700411
19700412
19700413
19700414
19700428
19700911
19700925
19701006
19701007
19701008
19701009
19701020
19701021
19701031
19710301
19710302
19710306
19710321
19710322
19710328
19710329
19710407
19710420
19710425
19710902
19710903
19710922
19710923
19711016
19711017
19711018
19711019
19711020
19711026
19720314
19720319
19720320
19720321
19720410
19720411
19720415
19720416
19720424
19720425
19720426
19720901
19720902
19720904
19720919
19720920
19720921
19720922
19720926
19721001
19721002
19721005
19721006
19721009
19730304
19730314
19730406
19730407
19730901
19730902
19730919
19730929
19730930
19731008
19731024
19731025
19731026
19740318
19740319
19740413
19740414
19740415
19740416
19740909
19740910
19740911
19741007
19750308
19750402
19750403
19750416
19750417
19750427
19750428
19750429
19750430
19750903
19750904
19750916
19750921
19750922
19750923
19750924
19750925
19751002
19751018
19751019
19751020
19751021
19751022
19751023
19751024
19751025
19760322
19760323
19760324
19760416
19760417
19760418
19760419
19760420
19760909
19760910
19761023
19761026
19761029
19770303
19770304
19770305
19770315
19770316
19770331
19770401
19770422
19770423
19770426
19770427
19770901
19770904
19770905
19770906
19770907
19770930
19771001
19771002
19771007
19771008
19771009
19771010
19771024
19771025
19780407
19780408
19780409
19780914
19780915
19780918
19780919
19781006
19781007
19781014
19781015
19781016
19781024
19790313
19790314
19790418
19790419
19790420
19790908
19791017
19791018
19791019
19791030
19800301
19800302
19800303
19800304
19800307
19800308
19800309
19800310
19800311
19800312
19800313
19800314
19800315
19800316
19800317
19800324
19800402
19800403
19800418
19800419
19800420
19800421
19800423
19800426
19800427
19800428
19800429
19800902
19800919
19800920
19800921
19800924
19800925
19800926
19800927
19800928
19801001
19801002
19801016
19801027
19801028
19801029
19810323
19810406
19810916
19810917
19820306
19820307
19820316
19821023
19830308
19830309
19830903
19830904
19830905
19830906
19830923
19830930
19831026
19831027
19840320
19840416
19840422
19840917
19841030
19850321
19850322
19850323
19850406
19850407
19850412
19850413
19850415
19850902
19850903
19850904
19850905
19850929
19850930
19851001
19851026
19851027
19860317
19860407
19860426
19860430
19860908
19860909
19860910
19861007
19861008
19861010
19861011
19861012
19861017
19861022
19861023
19861025
19870320
19870324
19870329
19870330
19870331
19870402
19870411
19870416
19870417
19870421
19870422
19870425
19870428
19870429
19870903
19870919
19871006
19880301
19880319
19880321
19880322
19880323
19880430
19880905
19880906
19880907
19880908
19880909
19880928
19880929
19881003
19881022
19881025
19881029
19890924
19891013
19891014
19891015
19900903
19900930
19901002
19910303
19910315
19910415
19910420
19910421
19910916
19910917
19910921
19910922
19910923
19911015
19911016
19920314
19920410
19920411
19920412
19920413
19920416
19920913
19930402
19930403
19930426
19930427
19930428
19930901
19930909
19930910
19930911
19930916
19930917
19930918
19931015
19931020
19940304
19940421
19940426
19940427
19940428
19940429
19940902
19940903
19940918
19940919
19940920
19940921
19940922
19940923
19940924
19940929
19940930
19941001
19941016
19941017
19941018
19941026
19941027
19950307
19950308
19950319
19950322
19950331
19950403
19950404
19950414
19950415
19950416
19950417
19950418
19950419
19950420
19950421
19950430
19950901
19950902
19950903
19950917
19950918
19950919
19950925
19950929
19950930
19951026
19951028
19951029
19960302
19960330
19960406
19960407
19960425
19960426
19960429
19960430
19960902
19960903
19960930
19961001
19961005
19961006
19961007
19961026
19970304
19970309
19970310
19970316
19970317
19970318
19970319
19970320
19970408
19970409
19970414
19970415
19970425
19970426
19970427
19970428
19970429
19970901
19970902
19970905
19970916
19970923
19970924
19970925
19970926
19971005
19971006
19971012
19971013
19971016
19971019
19971020
19971021
19971022
19980307
19980308
19980318
19980319
19980401
19980402
19980405
19980406
19980413
19980414
19980415
19980904
19980905
19980906
19980910
19980914
19980915
19980928
19981004
19981005
19981012
19981013
19981014
19981015
19981031
19990316
19990317
19990318
19990321
19990322
19990323
19990324
19990327
19990415
19990423
19990424
19990425
19990924
19990925
20000303
20000304
20000314
20000315
20000316
20000317
20000327
20000328
20000414
20000422
20000910
20000923
20001007
20001008
20001020
20010310
20010311
20010314
20010315
20010316
20010317
20010424
20010425
20010426
20010907
20010908
20010909
20010910
20010920
20011007
20011017
20011018
20020302
20020314
20020316
20020317
20020328
20020404
20020405
20020406
20020425
20020426
20020915
20020921
20020922
20020923
20020924
20020925
20020926
20020927
20020928
20021012
20030907
20030914
20030928
20030929
20031011
20040305
20040306
20040307
20040324
20040325
20040402
20040414
20040420
20040421
20040903
20040904
20040909
20040910
20040911
20040912
20040924
20040925
20040926
20040927
20040928
20040929
20040930
20041006
20041008
20041016
20041022
20041027
20041028
20050304
20050312
20050323
20050329
20050330
20050402
20050403
20050408
20050409
20050410
20050417
20050418
20050425
20050426
20050427
20050428
20050908
20050920
20050921
20050922
20050923
20050924
20051004
20051005
20051006
20051011
20051012
20051013
20051014
20051015
20051020
20051023
20051029
20051030
20060303
20060304
20060305
20060308
20060312
20060313
20060323
20060324
20060325
20060329
20060330
20060331
20060401
20060403
20060407
20060419
20060424
20060425
20060426
20060429
20060430
20060908
20060909
20060912
20060913
20060914
20060915
20060920
20060921
20060922
20060927
20060928
20061004
20061005
20061006
20061009
20061010
20061011
20061017
20061018
20061019
20061024
20061025
20061026
20061031
20070302
20070303
20070309
20070310
20070318
20070319
20070320
20070321
20070322
20070329
20070330
20070406
20070407
20070410
20070414
20070415
20070419
20070420
20070421
20070424
20070425
20070909
20070910
20070911
20070912
20070913
20070914
20070915
20070916
20070917
20070919
20071006
20071007
20071008
20071009
20071010
20071011
20071012
20071013
20071014
20071015
20071016
20071021
20080303
20080304
20080307
20080316
20080318
20080324
20080331
20080401
20080402
20080403
20080418
20080419
20080420
20080421
20080901
20080902
20080910
20080911
20080912
20080913
20080918
20080919
20080920
20080921
20080922
20080923
20080924
20080925
20080926
20080927
20080928
20081005
20081006
20081007
20081017
20081018
20081024
20081025
20081026
20090301
20090302
20090305
20090306
20090307
20090310
20090316
20090317
20090318
20090319
20090323
20090326
20090329
20090330
20090331
20090401
20090402
20090403
20090404
20090405
20090406
20090407
20090413
20090414
20090415
20090416
20090417
20090419
20090421
20090422
20090423
20090424
20090425
20090426
20090427
20090428
20090429
20090430
20090901
20090902
20090903
20090904
20090905
20090906
20090907
20090908
20090909
20090910
20090911
20090912
20090913
20090914
20090915
20090916
20090919
20090922
20090925
20090926
20090929
20090930
20091001
20091002
20091003
20091004
20091005
20091006
20091009
20091012
20091013
20091014
20091015
20091016
20091017
20091018
20091019
20091020
20091026
20091027
20091028
20091031
20100301
20100302
20100305
20100308
20100309
20100313
20100314
20100315
20100318
20100319
20100320
20100321
20100322
20100323
20100324
20100326
20100327
20100328
20100329
20100410
20100416
20100417
20100418
20100419
20100420
20100421
20100425
20100426
20100427
20100430
20100902
20100903
20100904
20100905
20100910
20100911
20100912
20100918
20100919
20100920
20100922
20100929
20100930
20101001
20101002
20101003
20101004
20101005
20101006
20101007
20101008
20101009
20101014
20101015
20101020
20101021
20101028
20101029
20101030
20110315
20110316
20110319
20110326
20110327
20110328
20110329
20110331
20110410
20110414
20110415
20110416
20110421
20110422
20110423
20110424
20110425
20110426
20110427
20110428
20110907
20110908
20110914
20110915
20110919
20110920
20110922
20110923
20110924
20110925
20111007
20111010
20111011
20111012
20111013
20111018
20111019
20111020
20111021
20111022
20111023
20111027
20111028
20111029
20120321
20120325
20120326
20120330
20120331
20120403
20120415
20120416
20120430
20120909
20120910
20120911
20120912
20120914
20120923
20120924
20120925
20120928
20120929
20121003
20121004
20121005
20121016
20121018
20121019
20121020
20121021
20121022
20121024
20121025
20121026
20121027
20121028
20121029
20121030
20130304
20130305
20130306
20130308
20130309
20130310
20130311
20130313
20130319
20130322
20130325
20130401
20130402
20130403
20130404
20130405
20130406
20130407
20130408
20130409
20130410
20130411
20130412
20130416
20130418
20130419
20130420
20130421
20130422
20130428
20130429
20130904
20130905
20130906
20130907
20130908
20130909
20130915
20130916
20130922
20130926
20130927
20130928
20130929
20130930
20131004
20131005
20131006
20131007
20131011
20131012
20131018
20131019
20131020
20131021
20131022
20131023
20131024
20131025
20131026
20131027
20131028
20140303
20140304
20140307
20140308
20140309
20140310
20140311
20140314
20140315
20140316
20140317
20140318
20140319
20140320
20140323
20140324
20140327
20140330
20140402
20140403
20140409
20140410
20140415
20140416
20140427
20140428
20140904
20140908
20140909
20140914
20140915
20140921
20141003
20141004
20141005
20141006
20141012
20141013
20141030
20150310
20150406
20150407
20150424
20150425
20150426
20150427
20150428
20150429
20150901
20150927
20150928
20150929
20150930
20151026
20151027
20151028
20151029
20160304
20160305
20160324
20160325
20160401
20160409
20160419
20160420
20160426
20160429
20160909
20160910
20160911
20160912
20160913
20160916
20160917
20160923
20161009
20161019
20161021
20161022
20170313
20170314
20170317
20170318
20170319
20170324
20170325
20170416
20170417
20170428
20170429
20170430
20170921
20170922
20170925
20171003
20171004
20171007
20171008
20171009
20171017
20171018
20171023
20171028
20171029
20171030
20171031
20180303
20180304
20180305
20180306
20180307
20180308
20180312
20180313
20180321
20180328
20180329
20180330
20180331
20180401
20180402
20180403
20180404
20180405
20180406
20180407
20180408
20180415
20180416
20180417
20180418
20180425
20180426
20180427
20180428
20180429
20180901
20180902
20180903
20180907
20180908
20180909
20180919
20180920
20181003
20181012
20181017
20181018
20181019
20181020
20181021
20181022
20181023
20181024
20181025
20181027
20181028
20181029
20181030
20181031
20190304
20190309
20190310
20190311
20190312
20190313
20190318
20190321
20190322
20190323
20190324
20190325
20190326
20190327
20190414
20190415
20190416
20190417
20190418
20190419
20190420
20190421
20190422
20190425
20190426
20190427
20190428
20190429
20190430
20190907
20190911
20190912
20190913
20190914
20190919
20190920
20190921
20190922
20190923
20190926
20191003
20191004
20191012
20191013
20191014
20191015
20191016
20191017
20191018
20191019
20191020
20191021
20200302
20200303
20200307
20200308
20200309
20200311
20200314
20200315
20200325
20200402
20200405
20200406
20200410
20200415
20200417
20200418
20200423
20200424
20200425
20200426
20200430
20200906
20200907
20200908
20200909
20200910
20200911
20200912
20200916
20200917
20200918
20200920
20200921
20200922
20201003
20201004
20201007
20201008
20201010
20201011
20201012
20201013
20201014
20201015
20201016
20201017
20201018
20210309
20210310
20210316
20210317
20210318
20210329
20210330
20210404
20210405
20210409
20210410
20210411
20210412
20210413
20210422
20210427
20210428
20210429
20210430
20210901
20210905
20210906
20210912
20210915
20210919
20210920
20210926
20210927
20211004
20211008
20211009
20211016
20211022
20211023
20211024
20211025
20211026
20211027
20211028
20211029
20220302
20220321
