20000303
20000304
20000314
20000315
20000316
20000317
20000327
20000328
20000414
20000422
20000910
20000923
20001007
20001008
20001020
20010310
20010311
20010314
20010315
20010316
20010317
20010424
20010425
20010426
20010907
20010908
20010909
20010910
20010920
20011007
20011017
20011018
20020302
20020314
20020315
20020316
20020317
20020328
20020404
20020405
20020406
20020409
20020425
20020426
20020915
20020921
20020922
20020923
20020924
20020925
20020926
20020927
20020928
20021012
20030325
20030907
20030914
20030928
20030929
20030930
20031010
20031011
20040305
20040306
20040307
20040324
20040325
20040402
20040414
20040420
20040421
20040427
20040902
20040903
20040904
20040909
20040910
20040911
20040912
20040924
20040925
20040926
20040927
20040928
20040929
20040930
20041006
20041007
20041008
20041016
20041017
20041018
20041022
20041023
20041026
20041027
20041028
20050304
20050312
20050323
20050329
20050330
20050402
20050403
20050408
20050409
20050410
20050417
20050418
20050425
20050426
20050427
20050428
20050908
20050919
20050920
20050921
20050922
20050923
20050924
20051004
20051005
20051006
20051011
20051012
20051013
20051014
20051015
20051020
20051023
20051029
20051030
20060303
20060304
20060305
20060308
20060312
20060313
20060314
20060323
20060324
20060325
20060329
20060330
20060331
20060401
20060402
20060403
20060407
20060419
20060424
20060425
20060426
20060429
20060430
20060908
20060909
20060912
20060913
20060914
20060915
20060920
20060921
20060922
20060927
20060928
20061004
20061005
20061006
20061009
20061010
20061011
20061017
20061018
20061019
20061024
20061025
20061026
20061031
20070302
20070303
20070309
20070310
20070318
20070319
20070320
20070321
20070322
20070329
20070330
20070405
20070406
20070407
20070410
20070414
20070415
20070419
20070420
20070421
20070424
20070425
20070909
20070910
20070911
20070912
20070913
20070914
20070915
20070916
20070917
20070918
20070919
20071006
20071007
20071008
20071009
20071010
20071011
20071012
20071013
20071014
20071015
20071016
20071021
20071031
20080303
20080304
20080307
20080316
20080318
20080324
20080331
20080401
20080402
20080403
20080418
20080419
20080420
20080421
20080901
20080902
20080910
20080911
20080912
20080913
20080918
20080919
20080920
20080921
20080922
20080923
20080924
20080925
20080926
20080927
20080928
20080929
20080930
20081005
20081006
20081007
20081008
20081009
20081014
20081015
20081016
20081017
20081018
20081021
20081024
20081025
20081026
20081027
20090301
20090302
20090305
20090306
20090307
20090310
20090316
20090317
20090318
20090319
20090323
20090326
20090329
20090330
20090331
20090401
20090402
20090403
20090404
20090405
20090406
20090407
20090413
20090414
20090415
20090416
20090417
20090419
20090420
20090421
20090422
20090423
20090424
20090425
20090426
20090427
20090428
20090429
20090430
20090901
20090902
20090903
20090904
20090905
20090906
20090907
20090908
20090909
20090910
20090911
20090912
20090913
20090914
20090915
20090916
20090917
20090918
20090919
20090922
20090923
20090924
20090925
20090926
20090929
20090930
20091001
20091002
20091003
20091004
20091005
20091006
20091007
20091008
20091009
20091012
20091013
20091014
20091015
20091016
20091017
20091018
20091019
20091020
20091026
20091027
20091028
20091031
20100301
20100302
20100305
20100308
20100309
20100313
20100314
20100315
20100318
20100319
20100320
20100321
20100322
20100323
20100324
20100326
20100327
20100328
20100329
20100410
20100416
20100417
20100418
20100419
20100420
20100421
20100425
20100426
20100427
20100430
20100901
20100902
20100903
20100904
20100905
20100910
20100911
20100912
20100918
20100919
20100920
20100921
20100922
20100929
20100930
20101001
20101002
20101003
20101004
20101005
20101006
20101007
20101008
20101009
20101014
20101015
20101020
20101021
20101028
20101029
20101030
20110315
20110316
20110319
20110325
20110326
20110327
20110328
20110329
20110330
20110331
20110410
20110414
20110415
20110416
20110421
20110422
20110423
20110424
20110425
20110426
20110427
20110428
20110901
20110907
20110908
20110914
20110915
20110919
20110920
20110921
20110922
20110923
20110924
20110925
20111007
20111010
20111011
20111012
20111013
20111018
20111019
20111020
20111021
20111022
20111023
20111027
20111028
20111029
20120321
20120325
20120326
20120330
20120331
20120403
20120408
20120415
20120416
20120430
20120909
20120910
20120911
20120912
20120913
20120914
20120923
20120924
20120925
20120928
20120929
20121003
20121004
20121005
20121016
20121018
20121019
20121020
20121021
20121022
20121024
20121025
20121026
20121027
20121028
20121029
20121030
20130304
20130305
20130306
20130307
20130308
20130309
20130310
20130311
20130312
20130313
20130319
20130322
20130325
20130401
20130402
20130403
20130404
20130405
20130406
20130407
20130408
20130409
20130410
20130411
20130412
20130416
20130417
20130418
20130419
20130420
20130421
20130422
20130428
20130429
20130904
20130905
20130906
20130907
20130908
20130909
20130915
20130916
20130922
20130926
20130927
20130928
20130929
20130930
20131004
20131005
20131006
20131007
20131011
20131012
20131018
20131019
20131020
20131021
20131022
20131023
20131024
20131025
20131026
20131027
20131028
20140303
20140304
20140307
20140308
20140309
20140310
20140311
20140314
20140315
20140316
20140317
20140318
20140319
20140320
20140323
20140324
20140327
20140330
20140402
20140403
20140409
20140410
20140415
20140416
20140427
20140428
20140904
20140908
20140909
20140914
20140915
20140921
20141003
20141004
20141005
20141006
20141012
20141013
20141030
20150310
20150406
20150407
20150413
20150424
20150425
20150426
20150427
20150428
20150429
20150430
20150901
20150927
20150928
20150929
20150930
20151026
20151027
20151028
20151029
20160304
20160305
20160324
20160325
20160401
20160409
20160419
20160420
20160421
20160426
20160429
20160909
20160910
20160911
20160912
20160913
20160916
20160917
20160922
20160923
20161009
20161019
20161020
20161021
20161022
20170313
20170314
20170317
20170318
20170319
20170324
20170325
20170416
20170417
20170427
20170428
20170429
20170430
20170925
20171007
20171008
20171009
20171017
20171018
20171023
20171028
20171029
20171030
20171031
20180303
20180304
20180305
20180306
20180307
20180308
20180312
20180313
20180321
20180328
20180329
20180330
20180401
20180402
20180404
20180406
20180407
20180408
20180415
20180416
20180417
20180418
20180426
20180427
20180428
20180429
20180430
20180901
20180902
20180903
20180907
20180908
20180909
20180919
20180920
20181003
20181012
20181017
20181018
20181019
20181020
20181021
20181022
20181023
20181024
20181025
20181027
20181028
20181029
20181030
20181031
20190304
20190309
20190310
20190311
20190312
20190313
20190318
20190321
20190323
20190324
20190325
20190327
20190414
20190415
20190416
20190417
20190418
20190419
20190420
20190421
20190422
20190425
20190426
20190427
20190428
20190429
20190907
20190911
20190912
20190913
20190914
20190919
20190920
20190921
20190922
20190923
20190926
20191003
20191004
20191012
20191013
20191014
20191015
20191016
20191017
20191018
20191019
20191020
20191021
20191022
20200302
20200303
20200306
20200307
20200308
20200309
20200310
20200311
20200314
20200315
20200316
20200317
20200325
20200402
20200405
20200406
20200410
20200415
20200416
20200417
20200418
20200423
20200424
20200425
20200426
20200428
20200429
20200906
20200907
20200908
20200909
20200910
20200911
20200912
20200916
20200917
20200918
20200919
20200920
20200921
20200922
20201003
20201004
20201007
20201008
20201009
20201010
20201011
20201012
20201013
20201014
20201015
20201016
20201017
20201018
20201031
20210309
20210310
20210316
20210317
20210318
20210329
20210330
20210404
20210405
20210409
20210410
20210411
20210412
20210413
20210422
20210427
20210428
20210429
20210430
20210901
20210905
20210906
20210912
20210915
20210919
20210920
20210926
20210927
20211004
20211008
20211009
20211016
20211021
20211022
20211023
20211024
20211025
20211026
20211027
20211028
20211029
